45658 34990 43526 36001 35101 48833 44906 43878 47703 32909 42510 43398 35976 31925 33040 42275 
44727 35014 52839 36871 34921 56776 40536 44184 48100 31797 49889 48396 41246 42099 34120 49484 
36691 34381 40180 26889 33038 51276 28877 36564 38263 23131 44009 38396 36325 32782 27581 38052 
43436 35568 44700 33735 36626 46647 40549 36553 39872 32804 40511 37865 36572 27125 32004 44114 
32455 30440 48344 28960 31665 54662 37310 41320 39332 29909 43711 43441 31815 32068 31076 50050 
44821 34166 50224 33928 39495 57548 46371 43869 54076 31062 47798 49123 34086 36789 37893 46982 
46264 41237 51199 36309 39963 58528 38959 45508 47180 30940 52091 44279 40651 41098 32696 44333 
36261 26595 41233 24518 28762 46982 34520 41699 38857 28933 39235 42468 30393 27341 27500 39290 
40279 39018 45843 32986 36505 47321 38970 44863 44184 30705 39470 38924 35136 29752 27405 42185 
37387 38401 37483 32418 37342 52951 37134 36200 41276 28616 37295 39387 32791 34387 38219 42304 
38954 42079 41826 37011 35445 49483 37155 47659 38956 32223 42633 39295 35437 32523 26860 41184 
46310 34217 53340 32074 36435 53301 40685 41168 45778 34707 51724 40747 38695 37339 39966 45322 
50575 41751 47477 36475 41190 57964 47358 51576 53532 37876 45556 51248 42403 32578 40244 49819 
41531 34810 46114 35221 34309 54326 40962 43936 50811 27847 44367 51459 37643 29056 29056 49427 
36802 35753 45793 29171 41905 59127 45065 43372 41144 31789 42309 44838 30182 28817 31761 47868 
36997 32768 40983 23703 33604 49460 36111 39331 34098 31994 41275 36567 33073 28959 34512 40075 
